115.97469098575394
162.89853524908372
132.86166937220483
55.989233116300284
162.89853524908372
114.7189856188467
162.6561677559203
136.31411421816486
159.72964111557562
162.6561677559203
136.31411421816486
147.8004852490497
128.8306744880786
101.21649004950811
147.8004852490497
138.78694725162126
101.21649004950811
150.48664491508845
118.02706463013065
142.52661412247505
113.93293926399816
143.73991770923206
142.52661412247505
107.02895185534574
35.44615345050421
119.78537443310243
118.32952787682805
35.44615345050421
119.78537443310243
131.45099136649418
167.10663415784614
127.80282201163674
138.88076941912382
77.11588153720395
108.38368016824425
138.88076941912382
95.19890917298976
72.08397202909822
113.27789576887511
85.43473920910819
72.08397202909822
112.67953704800608
107.35879305792507
94.21218079666772
114.61317665631452
47.09430260702963
110.67165089053755
116.61014506785112
116.6940817502356
100.30117700542327
113.18398430788994
116.6940817502356
104.99644165955424
113.64910731806853
140.77318084236995
104.99644165955424
116.1104477774968
131.20551427476235
117.92162566631701
190.7577373467767
145.679625864069
117.92162566631701
190.7577373467767
131.59032543093184
123.23806710753713
117.20197226166671
136.606986231468
123.23806710753713
117.20236813508515
123.96846940146366
127.51313831532978
114.67064854505833
135.5937664754965
130.12995387039192
111.57113420991422
130.66010089502035
127.97584338420809
110.14357269971022
138.10206932963112
123.17091050009755
113.59959241697308
138.10206932963112
125.07814079778919
113.59959241697308
147.77814057297982
125.25880855189413
112.78464252429983
131.9967059578531
125.25880855189413
139.49427632585184
149.8946331733419
125.25880855189413
109.72661683122521
146.8838090228083
125.65401830382179
115.41441218356003
141.95622356152734
125.65401830382179
115.41441218356003
133.07985884683038
118.69192350445228
112.4819266710556
147.96952706915272
118.69192350445228
114.1176776760993
150.92287356538435
121.53660341590975
114.84335114550389
150.92287356538435
121.53660341590975
119.2655957048331
139.5188405407235
116.07695981558386
119.2655957048331
141.50464035078866
117.3832967668753
116.95673769200444
86.02431266564065
115.67016198059036
114.24750621070221
141.2702850382551
115.67016198059036
114.7172834658178
139.98182125457635
116.8497630177688
117.96278295278066
145.53886324798944
116.8497630177688
118.32252399061416
145.53886324798944
119.11436718880724
116.98480450392597
150.0108114993354
119.11436718880724
116.98480450392597
147.24880968767917
120.53145636629566
113.38349788386766
148.8898994919296
120.53145636629566
115.72271022105797
138.74155918286624
116.57105171557876
112.33015553804408
147.05711132264318
116.57105171557876
112.33015553804408
130.30067494701186
121.40907655921046
111.30596361109033
153.98744750768637
121.40907655921046
111.68602865233935
153.98744750768637
108.7982142707199
122.59889789912687
62.77466871311148
94.12316098564764
98.82280812687992
97.65387439691473
115.5320144148239
115.47020823287971
59.31738636944445
94.75683752495736
115.47020823287971
71.84842099181675
69.75050278801497
107.84075216737526
71.84842099181675
96.10674653135467
128.51977259895833
143.3368952126498
96.10674653135467
160.66009725255097
199.3962665306023
176.61255873533082
205.8774710466438
214.16137395592344
217.0367003564513
221.0561878346933
215.01260002999962
227.07293614028995
221.0561878346933
215.01260002999962
217.62949218124928
240.88269834232452
221.26595715555976
217.62949218124928
238.5187226234221
216.69850777789287
219.07339751570538
217.23402049740776
207.86738014304643
213.61745347502404
217.23402049740776
221.35153112787032
213.61745347502404
265.5931648360581
214.32501580336861
219.33303571299504
267.2054591589404
212.73257862748375
219.33303571299504
260.553336531632
208.6037610008107
222.8465446810284
229.3832659910767
212.65925917583195
220.31053690375634
260.5506885284066
221.6852448051943
220.31053690375634
258.8789159903655
223.16017526712906
208.04547042859264
258.8789159903655
224.19359171870968
208.04547042859264
277.88056967322933
222.1822456961506
215.06427854017886
273.2703242516737
216.74974206240688
246.17674830542495
256.5356088733776
216.74974206240688
246.17674830542495
264.6748588245534
213.15387989963506
220.58551918574923
264.6748588245534
214.09994544199336
220.58551918574923
267.53453575859123
213.25347012721573
210.36676012532152
265.26284363733794
213.25347012721573
222.35760885324225
273.38424758379864
207.1982529337657
222.35760885324225
269.2194742185323
208.6628986968658
225.35055945731426
262.7806586130286
219.25560394550544
225.35055945731426
265.99394226139776
211.54110141677512
232.1874478714572
276.0711934903234
211.54110141677512
232.1874478714572
276.0711934903234
209.28249473009478
232.1874478714572
266.83163401569686
213.15730818733147
215.74840867209568
276.4101391236386
208.17674098996295
222.50062425641602
260.0379999745547
219.55661793802912
222.50062425641602
258.6953981715141
212.68542573305987
207.09308364292338
281.1170172055804
212.68542573305987
222.26799792860265
224.51176852942896
209.04594686508142
201.35491449275412
224.51176852942896
204.0321112414665
213.6659248510137
227.93908362144248
227.41637943634612
213.6659248510137
264.1770718786705
204.80716626921898
217.48803445829347
218.938565135791
203.52176724964534
221.18917350785196
264.14469016692317
214.34777735099846
230.62535095685888
264.14469016692317
227.18960905955137
3883.200459526602
270.11876031952534
227.18960905955137
3883.200459526602
267.72981597647964
214.34470950843854
224.91195222794136
274.53330429893043
210.64207083511192
221.09087087603973
274.53330429893043
217.62177078244864
221.09087087603973
248.38111790480716
217.84193887446028
211.73907362019213
255.26862613468916
208.32612431406142
211.73907362019213
255.26862613468916
1502.0796615501392
217.06317096843935
258.56150616554004
1502.0796615501392
224.45524514165305
259.150419998017
211.5421835250587
224.45524514165305
265.99752884135114
216.69614032469178
224.6160991255278
258.19950536506923
222.23481285134972
237.9566862398442
258.19950536506923
216.8308317424309
221.14244527124305
258.19950536506923
205.61379570955123
226.15249207056235
240.63381154834835
217.1681378579958
226.15249207056235
250.7379400354962
221.13653182283156
226.15249207056235
250.7379400354962
220.74393684423524
244.73238934635802
263.22229532949365
211.9493179436353
244.73238934635802
264.25626628734454
211.9493179436353
244.73238934635802
270.6657857848629
208.82271893401082
233.744940381923
273.7647844837148
210.5583962352172
240.7227986014417
266.9360191305589
213.9197106679243
240.7227986014417
252.10801967744473
212.432722020879
223.6195328667629
252.10801967744473
206.7903686870822
210.37845816255134
244.01298559527336
220.95899519122403
210.37845816255134
244.01298559527336
206.48295130555974
210.37845816255134
258.0676577863824
236.34820264346166
213.07773055960578
262.7195773285622
236.34820264346166
213.07773055960578
260.3603641257651
215.54541083764127
213.07773055960578
204.0152220163156
235.31247237884781
226.25980785860202
239.49294573337758
188.16380488748425
211.54350383849035
239.49294573337758
215.05981675799745
211.54350383849035
228.5698263414372
204.37664367560794
192.14917783890408
256.33203984385256
204.37664367560794
219.23910657349097
260.99208396238873
188.43886798163516
219.23910657349097
208.3042952414812
220.08432848215983
238.15805483752655
245.06332964289805
265.207958104864
280.99468486020834
245.06332964289805
293.54740721721043
280.99468486020834
311.6669195262921
325.8807273249454
335.24641528966924
324.2373618194813
325.0668955433731
335.24641528966924
361.2507856050586
325.0668955433731
337.9176324903303
361.2507856050586
341.44622771480675
329.4407837536914
326.2636884550738
313.3426044080692
329.4407837536914
326.2636884550738
347.46304853025566
330.2140413695056
359.46392533341725
324.769471969835
330.2140413695056
336.3936846577662
338.2929659955223
330.2140413695056
346.6635505841053
341.7957355481519
342.25501629276147
346.6635505841053
326.4463016102958
342.25501629276147
335.8375776081486
326.4463016102958
342.7718978168554
328.471247188563
326.4463016102958
338.3165711682954
326.0866928667959
326.8051657271729
338.3165711682954
325.03844062265284
311.8682984031342
335.06068718367715
325.03844062265284
319.0794145674314
335.6772281338489
328.16235225768423
347.60610041267546
335.6772281338489
328.16235225768423
317.4158797120812
331.8494874808909
320.5756849341778
348.8310847225708
331.8494874808909
314.8942678392727
368.67705476362863
331.8494874808909
314.8942678392727
368.67705476362863
327.49057358676123
319.6115189697748
318.2751192270031
327.49057358676123
323.6244394390456
356.07048292628514
486.5509373260646
323.6443945001452
345.63739517367276
324.2591712404167
323.6443945001452
366.3243661801675
334.2165045752556
325.42393281696684
338.04205098395335
334.2165045752556
322.1416614758453
345.9905641684142
325.95155017549956
324.58016113570096
345.9905641684142
327.8690315247328
324.58016113570096
367.1978353322273
329.52185694044357
320.84988837311863
317.76099739780096
321.16886062111445
319.39970216764294
349.6374801339164
328.0915632466804
322.01654230511554
349.6374801339164
328.0915632466804
322.01654230511554
363.3951127711262
319.87557591428214
320.47491179208237
346.0455945610055
334.4114799851307
323.7601297556084
349.72501166106025
334.4114799851307
320.18779046442546
317.9518656350253
330.19950339633556
318.1587967137559
340.7655703474882
330.19950339633556
323.3319042102831
364.73725664647486
330.19950339633556
319.81443761458706
344.14575933090504
320.68945999614704
319.81443761458706
344.14575933090504
325.12363526075626
319.5877215425815
362.3092048592854
325.12363526075626
313.7002911105049
363.2927371791393
314.772694157335
313.7002911105049
366.90248098292295
322.9348226934368
317.67755946505685
366.90248098292295
322.9348226934368
317.67755946505685
362.82052105372304
322.9348226934368
313.0385644054392
331.94465595132453
321.55662061923977
317.847840511452
363.34671959046204
321.55662061923977
317.847840511452
325.9581406229154
317.9079281423754
321.32187402421584
323.757807842566
320.12291711033697
321.32187402421584
323.757807842566
320.12291711033697
320.14900030283314
314.54071376336145
313.07645820060867
321.53608710310306
340.55459166539026
311.6116504049487
317.6462609104588
360.81010996451556
311.6116504049487
317.6462609104588
361.47281092247607
315.1049305559759
337.684169329915
367.95169519267125
312.3813360591669
337.684169329915
353.78601521622545
312.3813360591669
307.0268440583487
353.78601521622545
314.0733776459922
315.6870724191627
342.7220517689955
321.46511073579643
339.1183031421356
345.29179215919436
328.7261948438659
314.4438800768522
360.9451332553909
328.7261948438659
314.4438800768522
354.11378503425465
315.4025814784984
309.62484625873793
355.9622775008935
313.972143790742
366.0036623231946
355.0357045892851
313.972143790742
366.0036623231946
357.14451723468136
313.972143790742
388.715256698257
357.14451723468136
316.4721227357453
386.75961308471443
354.24612775179435
313.2919388115683
406.68966495969255
355.9033043133714
313.2919388115683
401.52798597384935
351.25051910011535
355.58539460098586
367.9607612662543
346.2914338256912
355.58539460098586
388.89056589576734
342.43483633963467
308.3025226595634
388.89056589576734
353.5740092028268
308.3025226595634
389.39047288716023
353.5740092028268
318.14481780918334
386.1322146489251
351.57403222301366
318.14481780918334
380.8737404281186
346.7752831861159
313.2084485137831
385.5254348515026
339.8454886131705
316.2482248489357
389.4152012227761
341.21241079240224
316.2482248489357
383.3481365593588
341.05749571733827
541.1665271483464
383.3481365593588
348.7740281074024
541.1665271483464
358.0931504020052
342.05940004444324
361.0780751100346
417.9590530249787
342.05940004444324
361.0780751100346
383.4282589184499
342.2119437960389
419.22218421544306
386.60845261979966
346.3814138715801
419.22218421544306
386.60845261979966
345.4519649187716
333.5375274350496
379.2251824624791
347.4616992109635
329.4142817692953
369.79108715334655
347.4616992109635
327.4574263265759
351.69695237570494
330.5771015140922
327.4574263265759
352.53434739266794
339.1625821542627
327.4574263265759
352.53434739266794
338.94539320706286
336.76925432746543
349.584467821139
