80.7123269632274
NaN
112.0161915350955
129.39842218486248
NaN
138.93695059762467
129.39842218486248
155.23596355017594
178.09124221213438
178.40521037761843
186.12065430317625
194.9550843903805
198.81906263797802
186.12065430317625
204.63048489363493
214.08287848127813
203.9946263833268
211.53319746979807
215.75513860047155
203.9946263833268
214.75200254139943
215.75513860047155
214.81545818882282
214.75200254139943
225.8415279975523
213.47418385017986
228.00400895800925
228.22043093262567
213.47418385017986
219.5178105792788
217.66397293152355
204.78685234751447
219.5178105792788
211.55276367485519
208.34971592711085
218.06437091231695
206.21973041842523
208.34971592711085
223.61622377810664
206.21973041842523
217.7281856932923
203.58849699313257
197.9493769106758
195.74886085422386
203.58849699313257
193.74792293601013
279.1698225405219
218.00941088951848
277.9753562766584
277.7747362621879
219.24340323901532
303.5017301855433
277.7747362621879
219.24340323901532
190.91626750640205
194.66313356049017
246.53311752534793
190.91626750640205
194.66313356049017
272.3033096362547
190.84736134729792
206.9114014796361
272.3033096362547
196.51309065303354
206.9114014796361
260.72212721612175
183.63734853046708
212.9260823196088
245.59359287471827
197.8210097649718
222.00521477249217
319.3178920150694
194.9199316159828
214.13991335679034
268.71665300449735
194.9199316159828
214.13991335679034
252.5463366846611
216.63560189981342
219.03970010705058
252.5463366846611
181.73115923126875
211.0379133600936
312.1020089944884
185.95580962217952
211.0379133600936
308.58221731862466
55610.278905244304
211.16674674026854
308.78283676881813
184.2141403321818
211.16674674026854
303.09166732955117
184.6918850470392
203.22548247825338
306.7219993672842
197.9990899018411
203.22548247825338
320.03324424547657
216.49091575388138
214.81317541774314
315.3228485466801
216.49091575388138
214.81317541774314
308.2840327692282
198.92364447321552
214.81317541774314
308.2840327692282
196.34337347430855
224.58271733812128
271.6312708137763
192.18776010449773
224.58271733812128
278.0022530063434
206.2945886262242
219.1815013897421
272.35728621198984
193.948799424334
226.87709826302364
272.35728621198984
197.5580973374749
210.73180342787063
270.62115929250666
197.5580973374749
217.62674507134082
270.203140919296
195.7666346038311
217.62674507134082
269.6460215855315
203.41777126468313
220.12311242995312
262.19635240892904
216.2852652606116
220.12311242995312
260.63550451231936
199.27941719602455
225.07719459949385
263.432928289198
207.74725602277198
220.4987761527922
263.432928289198
198.82224242489113
220.4987761527922
271.05689087716473
211.24286749598275
223.63402170292525
275.44959961394716
211.24286749598275
223.63402170292525
273.52376808084404
203.89960377851415
217.96777290541303
272.369058477689
202.3944013472567
226.9775729284402
279.990051563103
213.89804834838603
188.22896638734662
279.990051563103
213.89804834838603
195.00707833781567
250.81830946150512
220.26679419637833
195.00707833781567
254.25543646638218
210.94254901390823
234.7856556108463
269.013445802543
203.82613370642844
234.7856556108463
275.4366299532005
208.199551235522
211.7754696093145
287.1774196657357
208.199551235522
212.58961912679396
302.62421987494105
206.08505471194994
218.84126989911502
302.62421987494105
217.05833833396622
218.84126989911502
376.5713741551804
210.6816376033296
218.84126989911502
262.27619143933845
215.76525602756047
216.40106139783214
281.63944147655985
220.96605610225112
216.40106139783214
272.5827297919852
192.20258978813692
224.53967830718892
268.82981369864723
187.64915542796794
208.97857272812647
208.83431776316831
187.64915542796794
208.95336381700182
208.83431776316831
276.0089547790682
199.62535030330335
260.3589445248521
270.66615773879755
188.92316502984207
222.44316728116394
196.0964241901204
213.13224483167778
222.44316728116394
198.37165442475774
213.13224483167778
207.4611593665683
190.40169464773524
206.936794754071
207.139861733563
184.94138271478144
206.936794754071
207.139861733563
198.7053311824048
215.63558651008614
208.93196230420924
184.61241567422954
215.63558651008614
206.33558436490827
205.35932520654512
181.89249389089508
198.6424421990445
194.59929543849898
181.89249389089508
200.35935402600708
185.86214020062445
201.26346802424575
202.46781478372628
194.49008414750907
199.74395634868154
196.66811121081028
194.49008414750907
199.74395634868154
196.66811121081028
196.98015695948732
199.8426943771024
189.28793460165005
198.38343020653704
199.8426943771024
201.34790858153983
198.38343020653704
199.8426943771024
220.40936924739225
198.43033788613278
194.6356194663615
260.14504957423674
208.83675642771658
196.26222340726315
234.5549585538193
205.73806553899325
196.26222340726315
232.81112144785828
196.02018816764024
197.95735566346798
232.81112144785828
189.89329926695427
201.97874245809652
219.82295390232835
190.7367703204945
202.14594871055297
229.47656728254802
191.54653103399164
202.85350411662907
229.47656728254802
186.5918485198533
202.85350411662907
207.2105017913708
186.5918485198533
202.37318329858888
218.42292792310243
197.60952062533858
202.37318329858888
207.53481298784274
196.5950278165711
195.8625316929031
251.69685874530524
195.49938281379235
203.8945007910254
251.69685874530524
195.49938281379235
207.67269039279088
213.4438741581894
198.04699681268448
207.94886499868775
203.4353247875253
198.04699681268448
207.94886499868775
203.6512169182464
198.22335013194487
204.66706519597733
217.07999108375913
195.0984432913081
203.02386154737425
217.07999108375913
198.0462461575321
203.02386154737425
212.43967148159848
197.26477973510174
198.3468111843088
207.10421741400557
197.88994400615107
204.3682786570527
223.21624144150545
197.88994400615107
186.6602463506279
216.08327902551758
197.88994400615107
205.32076073501594
219.5502291076957
199.9075904496082
205.32076073501594
209.6208575430102
237.46947304021347
194.82292859361255
248.50516893223426
246.06363125361452
250.4129077778307
244.2349501582234
269.24593100856407
264.8284036939894
244.2349501582234
330.0674485340882
264.8284036939894
309.5156406956589
313.65074202485994
323.15301272162964
283.28784052939545
324.10953758510055
340.06876175172636
350.8639895283933
303.6226857109546
340.06876175172636
342.98722472660984
303.6226857109546
377.7528627681086
336.9322668808004
305.93050297825187
396.8564537310762
336.9322668808004
320.4763190416883
331.4257208702155
373.28565673703775
315.09138081297993
331.4257208702155
458.90056882242
321.82572354171106
331.4257208702155
334.5006984885508
330.721807260132
346.4381644386186
334.5006984885508
322.02134623649755
352.8246827920001
348.0881544544162
322.02134623649755
352.8246827920001
353.21562777008165
317.81685852912426
342.6137925607076
353.21562777008165
328.2115645018077
342.6137925607076
348.3288864249595
337.9927988920644
350.92826085128144
349.7786851458204
322.44772803293046
354.12388429979865
353.94232372942434
324.9610357525288
354.12388429979865
353.94232372942434
317.80598654746973
353.24196204776456
354.297320770277
310.90940105526255
353.24196204776456
356.50963761477567
310.90940105526255
354.14182739502166
373.11647806042765
313.73306319319784
346.1735066550776
373.11647806042765
306.29709060651
346.1735066550776
359.06133223094923
316.07853373454185
362.690640453104
359.08773740997145
312.14190745642344
351.9995187321628
360.1870531484408
307.77553964449163
351.9995187321628
360.5839598844271
304.5804867901794
349.19166293385774
360.5839598844271
304.5804867901794
349.153649746541
357.6082829585692
309.16590189791253
349.153649746541
364.01208854933174
305.67513777745467
345.80851255038107
360.0527646799372
305.67513777745467
359.4764234904818
362.0697181374369
315.59910992629494
359.4764234904818
373.25517267313825
315.9568195672123
357.0890212799585
366.988198585314
305.51115366997095
370.31356440085597
358.0519787518517
305.51115366997095
351.17243146144494
351.67356121046237
310.4882888556302
351.17243146144494
373.59189249705054
301.09334040057485
351.17243146144494
373.59189249705054
297.1299593188223
354.84857827954676
374.2522044820953
307.88121387600233
343.7820385253897
363.59540549510393
308.51448272638567
343.7820385253897
369.24839039593957
306.16540157514424
353.0182607793755
423.298541988356
306.16540157514424
353.0182607793755
362.52443595218125
304.0575988846319
343.53841968416634
375.4141266530316
394.3996461467096
323.00511420561503
375.2753598299356
305.1089385081048
323.00511420561503
375.2753598299356
315.6507801816632
346.7538462095854
381.29207353506126
312.5855705218761
339.8742270990038
381.29207353506126
341.031227954936
336.54687042639006
386.16706902314996
309.730589060092
336.54687042639006
389.81761437594275
301.6366736625984
336.54687042639006
395.56951389824735
311.79250840565356
328.3250368418023
395.56951389824735
308.2481774322725
328.3250368418023
469.3505858207901
308.2481774322725
340.6651448898361
461.16599648873716
314.26474953103707
329.3036757338225
369.85657472398526
318.83007890500926
329.3036757338225
339.4141518475777
315.46726574144253
334.9763024929406
344.72127257838775
312.1498822614471
334.9763024929406
344.72127257838775
311.58464227794934
334.9763024929406
340.99397165318936
315.45775505982436
336.86519801697915
336.4971101092813
315.45775505982436
336.86519801697915
339.53887464202035
313.0235644004736
334.36123259354565
370.8294609122556
323.8838637328633
334.36123259354565
459.4000297485281
323.8838637328633
334.36123259354565
369.19481873114046
310.4099493733731
330.393831102336
369.19481873114046
360.480556325377
330.393831102336
335.24279681762886
304.5073025260879
330.393831102336
287.73712856306815
270.241529318763
292.2602163338202
271.40363562379156
246.8922718871101
292.2602163338202
257.26110823617785
238.60938763155383
232.66793722907326
245.45730067643936
215.49365692370384
223.4661573939157
245.45730067643936
215.49365692370384
223.4661573939157
214.36823522032574
216.97781799361798
199.11231896887622
209.08049846646483
187.35606456601684
199.11231896887622
194.80861361592272
187.35606456601684
239.78206467990947
235.0589920704374
206.66988539013897
208.2665988229056
270.4134742808992
199.05371225331126
208.2665988229056
264.6006295301015
198.0155764624487
203.48251610714848
264.6006295301015
204.27350912257143
205.1150059556236
233.19911424767764
194.2822194197027
195.4351286448307
260.89829718821704
194.2822194197027
200.73845550255214
260.89829718821704
210.7695690062572
200.73845550255214
250.29146428727728
193.4406911700655
192.9073116556391
250.29146428727728
195.25162038288443
206.5363539740049
229.67669706649215
201.37907618892135
206.5363539740049
247.29001278987064
201.37907618892135
198.38994944303337
233.44745755646335
206.90626917765417
198.38994944303337
226.41249674603137
206.90626917765417
202.14314582703992
244.10649710314345
205.05180338374424
203.63722622752124
226.52181168630176
205.75487328340137
203.63722622752124
248.39913927247997
207.5494022808116
193.98704582838567
248.39913927247997
206.19176468396284
193.98704582838567
246.4019158336025
195.6563841304689
204.60587768370314
245.93465851616264
198.0005442775204
207.61743898113295
220.36049227332143
196.9858202594367
207.61743898113295
225.97836633106357
196.9858202594367
190.94753275213074
225.97836633106357
205.57185052674302
206.25184431875502
240.56978120065756
201.31577737621416
206.18595254841622
213.3155883186069
195.80292850284368
201.39636160731516
214.18744450866544
198.51879918240564
201.39636160731516
218.72951204106414
216.96988911111575
201.94301000738312
224.38460704411978
204.5928193381477
201.94301000738312
219.75493651071363
199.05092117985726
208.13964743257617
210.39953895083627
202.86527596029887
210.3511981239117
225.54808663074783
202.86527596029887
210.3511981239117
225.54808663074783
203.1967600111975
211.60159749352516
222.32677325587133
204.59141855475414
214.7694884594754
228.8745954099302
193.9018860000662
214.7694884594754
216.6527737291876
191.79156132630828
204.21970259866566
216.10760024318637
187.30745361769118
204.21970259866566
220.31019269392414
206.61160021049807
204.21970259866566
221.4352893528514
197.23496958539823
210.64910799076173
220.34549635405384
186.67720297774315
197.88188321934766
204.78457237077347
199.43739463657437
197.43594280597316
204.78457237077347
199.43739463657437
194.89387985009512
201.49702004731301
