669.679616929879
696.1039222544134
738.0548388882113
664.8347378202099
707.4068215107226
714.7670671471636
670.4941987131893
707.4068215107226
715.8598241181611
672.9576762635533
762.4000528846218
715.340781942335
672.9576762635533
729.2745778841089
714.6522551211989
663.5468223163418
729.2745778841089
715.903476431151
661.3242124303049
725.4221701522061
714.7152233597204
664.5536270740348
725.4221701522061
717.0628701268984
654.4167697179266
725.7489033297733
717.0628701268984
663.7280279979675
818.975304416671
741.6652931316385
663.7280279979675
818.975304416671
758.1921794049474
653.14647733846
773.7197744093112
742.8094713752588
643.9621262011404
773.7197744093112
742.8094713752588
652.8167163343445
778.5871596319078
727.1157069372807
644.9530417579732
838.3849610598106
712.4874453578947
634.7301179121562
838.3849610598106
712.4874453578947
654.951438590589
896.5296280724702
737.8703049964836
639.6840879571678
896.5296280724702
727.8978959899914
645.6398972712799
896.5296280724702
716.7054932814273
645.6398972712799
896.5296280724702
716.7054932814273
651.5641196717394
896.5296280724702
728.0702167545109
657.8869895264752
855.8323497751909
728.0702167545109
656.2659795754748
855.8323497751909
728.0702167545109
662.863067306869
943.4350705883282
779.3220850292885
664.0337966565419
943.4350705883282
779.3220850292885
664.0337966565419
943.4350705883282
713.8038577573137
679.5758796826935
933.6863277260062
702.7062430913135
675.091210966748
933.6863277260062
709.4007776839723
675.091210966748
917.3766554909067
709.4007776839723
682.9405264510024
917.3766554909067
709.4007776839723
686.4236697429589
917.3766554909067
719.3016259952037
699.1714846963123
871.6571120006219
719.3016259952037
745.4555287796619
869.2454730915906
685.6312195106576
715.6317357156676
869.2454730915906
682.5237740408928
715.6317357156676
832.8321884841038
685.6506237617212
691.3446238236453
832.8321884841038
705.7312374167954
691.3446238236453
765.3038361904784
705.7312374167954
691.3446238236453
750.5002820842195
669.8767413560435
691.3446238236453
750.5002820842195
648.4762853900747
782.2519229978689
712.2875314770137
636.3828624610536
782.2519229978689
697.9784322309774
605.7523222443291
789.8171242966657
697.9784322309774
605.7523222443291
789.8171242966657
654.1194933422288
575.1057902081545
789.8171242966657
654.1194933422288
556.9481544639948
789.8171242966657
613.8299264342546
546.9152950352515
789.8171242966657
613.8299264342546
530.3373798332501
789.8171242966657
589.4454338815009
512.7104921022052
789.8171242966657
589.4454338815009
487.3757392198756
789.8171242966657
567.3979249483885
476.68923147248614
789.8171242966657
567.3979249483885
476.68923147248614
789.8171242966657
535.1832238989913
464.9431483697979
789.8171242966657
529.251558089974
443.07479818373906
789.8171242966657
529.251558089974
435.07620722469613
789.8171242966657
514.4320926916951
415.5676397052163
789.8171242966657
514.4320926916951
415.79362262306574
1334.3017015518137
484.73415112414267
415.79362262306574
1334.3017015518137
478.7303631862653
477.1598281397613
1116.5797579858634
478.7303631862653
446.09607736727435
1116.5797579858634
472.91689795090656
407.26598952599755
1116.5797579858634
490.6025971767214
407.26598952599755
1116.5797579858634
459.1236982188187
415.25548524408305
1116.5797579858634
474.3327060076199
415.25548524408305
1116.5797579858634
474.3327060076199
425.05708570443716
1116.5797579858634
473.99853341049607
421.5033228178979
1116.5797579858634
466.5525347808009
434.583229981748
1116.5797579858634
466.5525347808009
447.9172640712213
1116.5797579858634
420.7194296041709
476.4546182011549
1116.5797579858634
404.39352454602727
476.4546182011549
1116.5797579858634
368.8897996008532
527.7823244656712
1116.5797579858634
368.8897996008532
530.9398880284598
1061.7789873128415
324.01022226323033
530.9398880284598
1065.0161102104196
316.5261730661923
530.9398880284598
1068.0966662255444
316.5261730661923
530.9398880284598
1068.0966662255444
284.7490929335613
530.9398880284598
1105.9549408702849
273.5336202869228
633.026432923435
1105.9549408702849
272.419276306178
640.7982786777985
1105.9549408702849
268.3708732008419
640.7982786777985
1069.032793781648
255.86292337706055
640.7982786777985
1069.032793781648
255.86292337706055
640.7982786777985
1078.4769842030719
263.9509537561071
799.7084297497208
1027.3350540404772
255.7420885982646
799.7084297497208
1027.3350540404772
255.7420885982646
809.6669841232757
1012.5778735766592
242.5586598062174
809.6669841232757
997.494199573192
261.26144404856706
698.7782942992898
994.6314894240213
261.26144404856706
705.744378699575
994.6314894240213
277.3781563534801
705.744378699575
970.8756852239138
287.3522224955214
705.744378699575
945.2505012390718
312.80523350394225
705.744378699575
941.3417876461018
313.481668918791
721.7725710772854
911.2088387338806
313.481668918791
734.7969421915977
911.2088387338806
353.3050261027525
742.7387030475226
892.7849667281665
366.0887324572813
760.3417045535394
861.4578271348037
366.0887324572813
760.3417045535394
842.7913914543656
410.57654225357527
888.9338854951185
4448.786164057597
444.52942205247615
928.9913781490575
801.9034072122852
444.52942205247615
833.2843122940403
801.9034072122852
459.8946054386481
844.2371898289733
779.0572889030486
459.8946054386481
842.0718925128331
755.1790154434083
498.8562944054484
842.0718925128331
755.1790154434083
508.8551763108991
866.4472519562701
737.0026357823788
508.8551763108991
866.4472519562701
719.4744038266033
539.983066398129
2628224.0921714613
696.0858544251156
555.6995326851775
2628224.0921714613
676.8067490257102
555.6995326851775
2628224.0921714613
644.9174249417418
593.3146624186815
2628224.0921714613
646.3565922693597
593.3146624186815
1031.7763567695172
644.3138209919028
593.3146624186815
1003.5641271241986
638.9296724481154
603.5410595088555
1003.5641271241986
638.9296724481154
602.6125030916564
938.7949777296742
634.2913779316093
602.6125030916564
1006.6251353922484
633.2849246361836
607.7644033933998
1006.6251353922484
629.0025612527264
607.7644033933998
1006.6251353922484
625.6041668070973
612.1145624498441
976.2086859301427
632.0412246247756
612.897667800772
976.2086859301427
632.7372870496674
615.8407149765259
892.6265170149576
615.5371178915992
614.6023877886091
893.5747965196797
612.7656889642666
614.6023877886091
893.5747965196797
608.8536636416168
645.4260635677517
927.3781729452056
591.5459470149241
645.4260635677517
927.3781729452056
580.6982991221741
677.265302728079
1055.45982105601
566.7459770213995
686.4295054305463
1055.45982105601
566.7459770213995
712.2184978415498
975.4698176404796
529.5899275615637
712.2184978415498
975.4698176404796
508.1162209735799
727.3355129795347
975.4698176404796
501.02517593774866
727.3355129795347
975.4698176404796
483.8857870935135
727.3355129795347
975.4698176404796
451.1786289135193
774.0231713371738
975.4698176404796
450.64258465052797
774.0231713371738
975.4698176404796
413.56344060588185
774.0231713371738
975.4698176404796
410.589140421817
824.7210148903494
1091.6405946709428
410.589140421817
824.7210148903494
1091.6405946709428
376.2399499069713
824.7210148903494
1091.6405946709428
357.5957618103045
824.7210148903494
1091.6405946709428
357.5957618103045
824.7210148903494
1091.6405946709428
357.5957618103045
824.7210148903494
1091.6405946709428
357.5957618103045
965.9544140340811
1091.6405946709428
357.5957618103045
965.9544140340811
1091.6405946709428
357.5957618103045
965.9544140340811
1091.6405946709428
357.5957618103045
965.9544140340811
1091.6405946709428
357.5957618103045
1119.0762850917845
1091.6405946709428
357.5957618103045
1119.0762850917845
1091.6405946709428
357.5957618103045
1119.0762850917845
1091.6405946709428
357.5957618103045
1119.0762850917845
1091.6405946709428
357.5957618103045
1119.0762850917845
1091.6405946709428
357.5957618103045
1119.0762850917845
1091.6405946709428
357.5957618103045
1119.0762850917845
1091.6405946709428
357.5957618103045
1119.0762850917845
1091.6405946709428
357.5957618103045
1075.2155552135066
1091.6405946709428
357.5957618103045
1075.2155552135066
1185.4448537975259
357.5957618103045
1051.9150931622128
1170.3861733398542
357.5957618103045
1051.9150931622128
1170.3861733398542
357.5957618103045
1027.716457316926
1182.3277320058216
357.5957618103045
1027.716457316926
1192.297686157999
357.5957618103045
1004.3248213475508
1192.297686157999
357.5957618103045
1004.3248213475508
1192.297686157999
NaN
NaN
NaN
