682.4534339099879
NaN
724.0647849663576
671.4342380961444
NaN
715.7072439907797
671.4342380961444
665.3052909243413
713.1777170578158
671.4342380961444
751.34530387394
701.9722539651028
671.4342380961444
659.9356494623266
701.9722539651028
671.4342380961444
659.9356494623266
697.4781342522989
671.4342380961444
659.9356494623266
696.6067771026263
671.4342380961444
673.6261679513735
690.4792814351968
719.4608158981216
664.8928876645138
695.8329689660085
705.7749665099991
664.8928876645138
698.8037441948269
701.1886199880873
664.7423144667313
700.6841079683819
703.6361169358033
661.5694046221626
699.4619773732635
703.6361169358033
661.5694046221626
701.0249887844908
699.8478749776152
661.5694046221626
694.6438621721978
699.8478749776152
664.3586899921537
694.6438621721978
699.8478749776152
664.3586899921537
701.5557326464916
699.8478749776152
663.0445671236482
691.8756591458881
705.9043213148988
665.5142665203418
697.105030650073
705.9043213148988
668.6700821364292
697.105030650073
705.986787698893
668.6700821364292
694.1012618383476
705.986787698893
666.4704132929651
692.136983776842
705.986787698893
667.6684322904557
692.136983776842
705.986787698893
667.6684322904557
699.6565543242651
713.6877776748945
667.6684322904557
701.1774028210294
715.1663803508654
657.4786525731913
698.2358374264101
715.1663803508654
687.2867532023618
708.0443358868929
715.1663803508654
687.2867532023618
708.0443358868929
715.1663803508654
687.2867532023618
708.0443358868929
664.6921083876883
687.2867532023618
825.9753325483537
664.6921083876883
687.2867532023618
847.575799835972
664.6921083876883
687.2867532023618
847.575799835972
519.3398310478209
3071.9509494140807
854.3458171683615
522.7718645747138
3071.9509494140807
854.3458171683615
522.7718645747138
3071.9509494140807
852.1467155194787
521.3616439603444
3071.9509494140807
857.4571307684276
529.9517647105782
3071.9509494140807
849.3484574326579
520.4920133910173
3071.9509494140807
849.3484574326579
517.6922720705376
3071.9509494140807
845.819151275936
527.7896374941761
3071.9509494140807
849.6807648987799
516.7823981043948
895.4472603832428
850.8757404716432
527.1348588381285
895.4472603832428
849.1618123518181
523.5405041670291
895.4472603832428
849.3657418998691
522.5812820416648
895.4472603832428
849.3657418998691
526.6196020199836
895.4472603832428
853.4303058647953
530.9552998725887
883.6978776640688
853.4303058647953
523.5048589851382
883.6978776640688
847.4140775137818
521.5069577785933
883.6978776640688
848.0601590804102
521.5069577785933
883.6978776640688
848.0601590804102
525.9795299877073
883.6978776640688
850.6846911016822
528.7507804601131
883.6978776640688
852.3780554794768
517.9695340035476
883.6978776640688
855.7901431744084
522.2197063443728
883.6978776640688
853.4116237280814
528.2321039121555
883.6978776640688
857.7665405596466
528.6411864952147
883.6978776640688
857.7665405596466
519.4654732875291
883.6978776640688
857.7665405596466
530.5701676986735
879.530523188307
855.7078531616636
522.4527692835512
879.530523188307
855.7078531616636
527.7825199933659
879.530523188307
855.7078531616636
525.6568635175072
879.530523188307
854.9783462877665
519.1667586501362
879.530523188307
854.9783462877665
519.1667586501362
879.530523188307
862.5917382838242
529.0665267456473
879.530523188307
862.169747278664
527.1902886403348
1014.9076204372144
865.919650438686
525.6922068468987
1014.9076204372144
865.919650438686
531.9572905018829
1014.9076204372144
857.2393258671234
529.2034289069804
1014.9076204372144
857.2393258671234
525.1835757860945
888.8400326349747
857.2393258671234
531.6381282806062
888.8400326349747
863.1625962464461
531.6381282806062
888.8400326349747
863.1625962464461
551.4563749210399
789.9760098009547
868.300086875937
551.4563749210399
789.9760098009547
809.2971165673223
571.0482903582193
764.6490188992641
795.2222435815039
571.0482903582193
752.3391101304996
795.2222435815039
583.134487610959
760.2887965581285
817.4366988521813
583.134487610959
760.2887965581285
767.6730187052768
583.134487610959
855.5281737848225
767.6730187052768
583.134487610959
855.5281737848225
748.7257199996051
662.8607126357432
855.5281737848225
718.3991379604614
662.8607126357432
785.3868270018477
718.3991379604614
662.8607126357432
711.2935078536444
699.6447731292019
662.8607126357432
711.2935078536444
671.4345079192595
662.8607126357432
711.4092157918318
697.6403816883516
662.8607126357432
711.4092157918318
697.6403816883516
662.8607126357432
711.4092157918318
668.1723391157778
662.8607126357432
633.375944815313
643.5732414903547
662.8607126357432
634.0409704727807
622.5074772025579
662.8607126357432
634.0409704727807
609.3727760386548
662.8607126357432
634.4070316506024
599.0614652100057
662.8607126357432
625.1484811249685
599.0614652100057
662.8607126357432
629.2407926686312
569.9420767458449
662.8607126357432
629.2407926686312
563.9131650878309
662.8607126357432
607.5030388027491
545.311642930921
662.8607126357432
588.0904235332481
520.9321513008664
662.8607126357432
585.5180937612483
520.9321513008664
662.8607126357432
585.5180937612483
507.0426138324688
662.8607126357432
561.0544267999318
496.2406832083464
662.8607126357432
550.8710954247933
484.81230719859013
662.8607126357432
550.8710954247933
479.0448507523945
662.8607126357432
542.7952306099857
464.7453699528587
662.8607126357432
537.0690346330979
453.6543033551566
662.8607126357432
537.0690346330979
447.6698217099494
662.8607126357432
521.6499186019848
445.2308769237699
662.8607126357432
512.8291027497207
433.22927949961763
662.8607126357432
517.7134378082359
427.91794985213215
662.8607126357432
517.7134378082359
425.10267813885207
662.8607126357432
517.3480370199919
425.10267813885207
662.8607126357432
519.7985960761008
413.61299817277035
662.8607126357432
518.1717349490141
415.7283803755803
662.8607126357432
518.1717349490141
414.16384400037657
662.8607126357432
518.1717349490141
417.9279857833237
662.8607126357432
514.3614791669703
415.2795424940844
662.8607126357432
513.2218344981527
414.7429040960339
662.8607126357432
511.6353976634073
413.3981479843581
662.8607126357432
511.6353976634073
413.3981479843581
662.8607126357432
517.9529884268502
414.84380371533973
662.8607126357432
515.5479600670114
409.0183934860232
662.8607126357432
515.5479600670114
413.0032335012368
662.8607126357432
515.5479600670114
407.8414122552164
662.8607126357432
526.2056531751168
410.31645963916003
662.8607126357432
517.3850654478559
411.6729885023902
662.8607126357432
517.3850654478559
411.6729885023902
662.8607126357432
507.64556738162713
401.3033524074459
662.8607126357432
498.5114687058143
403.1658850811903
662.8607126357432
498.5114687058143
405.95297085123053
662.8607126357432
498.5114687058143
404.99538275463055
662.8607126357432
483.5437851119342
400.06225369309317
662.8607126357432
478.78687495386873
402.091220266759
662.8607126357432
478.78687495386873
402.091220266759
662.8607126357432
469.9686526927411
410.1854271714802
662.8607126357432
460.25026444081976
432.4196613006942
662.8607126357432
433.12885068039486
460.74692896192846
662.8607126357432
430.1470985204247
464.9589401307647
662.8607126357432
411.9211230922467
474.8701373398
662.8607126357432
411.9211230922467
494.5192902616261
662.8607126357432
373.5008845864022
494.5192902616261
662.8607126357432
357.3118218866275
525.2984104844355
1197.4368236525358
349.9396775391841
533.4216739734196
1197.4368236525358
349.9396775391841
542.8495198482326
1197.4368236525358
318.27767737687964
573.4600250582021
1197.4368236525358
298.3081464222455
584.7011545366228
1197.4368236525358
290.48031463041406
584.7011545366228
1102.4137990660893
290.48031463041406
599.4365119698118
1102.4137990660893
285.936152080687
602.3710171162218
1102.4137990660893
277.0724686057311
612.2074620745304
1102.4137990660893
275.94469693550695
619.2742154167773
1102.4137990660893
275.94469693550695
619.2742154167773
1102.4137990660893
250.86367520720034
635.8626357808313
1102.4137990660893
251.30800036018672
645.5491163836693
1102.0136547393533
251.30800036018672
655.6031136074826
1102.0136547393533
237.969571883599
666.9216829826528
1102.0136547393533
230.49418585505057
674.7280972501499
1061.1830200585973
272.73685565079603
674.7280972501499
1061.1830200585973
272.73685565079603
674.7280972501499
991.994768316882
274.2906669668994
749.1624547627922
978.7583834465794
278.2850971856525
753.6607009856984
952.2212738920883
292.3039594028149
753.6607009856984
950.0168405018434
292.3039594028149
769.5521631266079
950.0168405018434
329.59323269956667
766.0106129427065
916.5608567985937
356.995846591778
768.3668101485388
905.8790714770519
356.995846591778
769.1788475355698
895.4781048234332
376.9677775726949
777.4679912867689
895.4781048234332
376.9677775726949
782.1177174810131
858.0437861267599
376.9677775726949
789.230496188476
858.0437861267599
411.5589331483684
789.230496188476
842.2714834232476
423.91588369143824
903.4103235485196
814.3780781951435
423.91588369143824
869.1156056715737
805.9325195451449
423.91588369143824
869.1156056715737
780.8716890308663
423.91588369143824
844.6320299833499
759.815754919156
423.91588369143824
844.6320299833499
759.815754919156
423.91588369143824
874.3274182638038
710.8946378247095
423.91588369143824
912.8796916254496
692.0042631158174
423.91588369143824
912.8796916254496
673.6487119915665
611.9203013346128
912.8796916254496
638.6787093411584
611.9203013346128
912.8796916254496
642.9014898322719
611.9203013346128
883.8767636367695
642.9014898322719
611.9203013346128
901.3861786695009
654.9111661710193
639.3120413310505
901.3861786695009
642.9313253126488
646.5075164366136
840.9200830727776
629.5208351825688
646.5075164366136
826.6241594275313
629.5208351825688
646.5075164366136
828.5547005050419
620.0117326304477
665.160792111671
828.5547005050419
615.8304553275264
679.784237478329
796.9695426625336
627.4820503581857
679.784237478329
796.9695426625336
634.9707203643111
679.784237478329
790.614773648934
634.9707203643111
743.846460462516
767.6674477037637
626.0712949942085
726.6338228632264
767.6674477037637
631.8883762979278
726.6338228632264
751.6570358205813
631.8883762979278
738.5091006585603
737.1104363613246
664.9608501914561
721.380947519357
722.4406249864934
664.4800843565251
724.0427371550182
708.201922964017
664.4800843565251
724.0427371550182
708.201922964017
664.4800843565251
754.2675816862838
670.4439059381731
664.4800843565251
684.9352677683934
652.3952171077083
664.4800843565251
684.9352677683934
634.7613038966244
664.4800843565251
684.9352677683934
629.6834476857896
664.4800843565251
645.1330029392612
613.7360863176988
664.4800843565251
635.4190107869906
613.7360863176988
664.4800843565251
635.4190107869906
573.6992459919609
664.4800843565251
635.4190107869906
562.9874035748456
664.4800843565251
579.241986977055
544.7611417445179
664.4800843565251
621.0784648155812
535.1550090351601
664.4800843565251
621.0784648155812
527.1872017827569
664.4800843565251
621.0784648155812
507.3715965216296
664.4800843565251
568.5752669691682
507.3715965216296
664.4800843565251
562.188189235229
487.6404793505557
664.4800843565251
562.188189235229
488.11327879078624
664.4800843565251
562.188189235229
472.8681256081913
664.4800843565251
525.7696688751329
455.1939754105495
664.4800843565251
515.1399679187049
464.943847266992
664.4800843565251
515.1399679187049
442.44815508714737
664.4800843565251
494.2993962373949
429.2920966226705
664.4800843565251
485.48939087254206
429.2920966226705
664.4800843565251
485.48939087254206
478.9819386428279
664.4800843565251
485.48939087254206
480.3969426639577
664.4800843565251
478.0747739968368
472.0039050683871
664.4800843565251
480.65268213112114
490.32339143010336
664.4800843565251
480.65268213112114
471.0797068140484
664.4800843565251
485.1299915530275
422.6112836911143
664.4800843565251
499.0367560901759
3653.3913332926227
664.4800843565251
499.0367560901759
408.01355496929307
664.4800843565251
515.2018485136892
400.7986524461008
664.4800843565251
512.4391759437476
396.71043653872783
664.4800843565251
512.307654438481
380.19247270810274
664.4800843565251
512.307654438481
380.19247270810274
664.4800843565251
483.2296609389529
421.98312937528453
664.4800843565251
483.2296609389529
421.98312937528453
664.4800843565251
476.17227421376253
425.489499444207
664.4800843565251
477.1053836517275
427.73799988381523
664.4800843565251
481.33393533558706
427.73799988381523
664.4800843565251
481.33393533558706
426.3482396805514
664.4800843565251
485.91016932824283
437.6541083218138
664.4800843565251
503.85537427381314
404.4446513036797
664.4800843565251
503.85537427381314
387.3454343841969
664.4800843565251
517.1977415560286
387.3454343841969
1093.1430436447931
549.1645120962245
387.3454343841969
1092.5318954955346
536.8092536226643
387.3454343841969
1092.5318954955346
536.8092536226643
387.3454343841969
1092.5318954955346
504.487276578715
387.3454343841969
1092.5318954955346
501.1061646666064
387.3454343841969
1098.4544578431417
501.1061646666064
387.3454343841969
1098.4544578431417
451.74514486435487
387.3454343841969
1117.7695293001032
463.51838998677374
387.3454343841969
1117.7695293001032
463.51838998677374
387.3454343841969
1117.7695293001032
403.517440943486
387.3454343841969
1117.7695293001032
393.67767434898747
387.3454343841969
1117.7695293001032
369.03016762281317
387.3454343841969
1117.7695293001032
369.03016762281317
387.3454343841969
1117.7695293001032
369.03016762281317
387.3454343841969
1117.7695293001032
319.2028479680409
387.3454343841969
1117.7695293001032
319.2028479680409
387.3454343841969
1117.7695293001032
263.3895390614741
387.3454343841969
1117.7695293001032
263.3895390614741
387.3454343841969
1117.7695293001032
230.68886601632258
387.3454343841969
1117.7695293001032
230.68886601632258
387.3454343841969
1117.7695293001032
230.68886601632258
387.3454343841969
1077.8935431636557
213.54405972325412
387.3454343841969
1059.0389640313388
220.7525345487353
387.3454343841969
1065.6868128788155
220.7525345487353
387.3454343841969
1065.6868128788155
249.45166310499724
387.3454343841969
1021.2937801927864
267.21150562882906
387.3454343841969
1016.1046646593155
267.21150562882906
387.3454343841969
1016.1046646593155
267.21150562882906
387.3454343841969
1016.1046646593155
219.96958567159464
387.3454343841969
1016.1046646593155
3903.827237523156
387.3454343841969
1016.1046646593155
3903.827237523156
387.3454343841969
1016.1046646593155
175.17186719388704
387.3454343841969
1016.1046646593155
183.7825981020836
387.3454343841969
1086.786949056565
206.98112458544844
387.3454343841969
1083.9344704778014
227.83540493008996
387.3454343841969
1064.4368055929358
205.82297312921037
387.3454343841969
1059.7232021566122
205.82297312921037
387.3454343841969
1033.1715247070492
205.82297312921037
387.3454343841969
1033.1715247070492
278.11294481958157
387.3454343841969
984.9924039694448
302.33927173829454
387.3454343841969
973.0554940302677
302.33927173829454
387.3454343841969
973.0554940302677
319.35249296533067
387.3454343841969
930.4690086876947
351.2226824069233
387.3454343841969
893.9955851379787
351.2226824069233
387.3454343841969
878.2481833561402
353.47180936854267
387.3454343841969
866.3236488416335
374.2598390336722
387.3454343841969
837.0982968126872
374.2598390336722
387.3454343841969
837.0982968126872
447.0016432907961
387.3454343841969
784.4483961911156
475.86717106715935
387.3454343841969
784.4483961911156
475.86717106715935
387.3454343841969
784.4483961911156
501.5426164380991
387.3454343841969
717.4307772972613
501.5426164380991
387.3454343841969
706.0534575239157
501.5426164380991
387.3454343841969
667.5956890816136
572.5607462316303
387.3454343841969
663.6033959314304
572.5607462316303
387.3454343841969
661.4799740932344
572.5607462316303
387.3454343841969
637.3540869112973
769.42431474437
387.3454343841969
637.3540869112973
769.42431474437
387.3454343841969
619.5364616296838
769.42431474437
387.3454343841969
