709.7057030365685
634.7013516352242
810.1989359103427
698.3729622503639
634.7013516352242
809.6277470984053
712.5256569575554
622.3953889844189
806.7330269435489
714.6702617913854
622.3953889844189
806.7330269435489
700.8134369069559
622.3953889844189
807.4903263737133
706.7986957303111
595.509618168155
810.2417912054967
702.684893061422
631.5285794481865
817.3994832890303
710.790651859715
631.5285794481865
817.3994832890303
710.790651859715
636.3758069735943
812.8805115850823
708.9462432036444
636.3758069735943
814.1658501226772
707.1383688236529
636.3758069735943
814.1658501226772
705.7867405620073
647.4779698864145
810.8485752930615
711.8235741461231
647.4779698864145
817.9542361085141
709.6495377642302
647.7689604089709
813.8316565179854
703.9342318813939
655.292703933519
813.8316565179854
714.7963688542702
655.292703933519
816.1172586865789
701.6772732230529
652.8120406749637
810.4323483681235
706.7588000555769
634.3899919985507
815.4668698140001
674.8905050750517
634.3899919985507
815.4668698140001
668.623443989993
625.0790705183108
842.613608319438
653.7361229635619
625.0790705183108
822.180881998858
653.7361229635619
625.0790705183108
812.6064116250503
641.1500375500023
688.6799274696521
787.5494956868234
641.1500375500023
688.6799274696521
746.8536741639194
663.9880153836313
685.4297444014655
738.1877010480532
663.9880153836313
675.8479054361362
738.1877010480532
683.5714537918349
675.8479054361362
707.9379427203266
702.9876822695396
687.8067900748026
707.9379427203266
702.9876822695396
681.571233941751
695.3495836790366
702.9876822695396
681.571233941751
690.7341227947812
707.0489103109836
685.5538063734837
690.636919603849
709.2035498472926
674.224188352577
687.5903983775718
709.2035498472926
674.224188352577
690.1583145209185
709.2035498472926
681.516515991532
690.1583145209185
709.0094681088767
688.9527121369401
690.6862292824596
709.0094681088767
688.9527121369401
691.1994459911606
709.0094681088767
681.4643679256837
689.1275815807226
708.1200965507862
681.4643679256837
688.5200529627481
708.1200965507862
679.3756799268654
689.1198661841833
706.6028618086542
679.3756799268654
690.8092271626967
706.6028618086542
679.3756799268654
689.0093634937294
706.6028618086542
684.1423210040269
690.9448908130809
713.7804159068286
684.1423210040269
691.80820651435
713.7804159068286
677.5779351547299
691.80820651435
713.7804159068286
677.5779351547299
690.5463898871102
712.4490946892452
677.5779351547299
690.1423623030552
712.4490946892452
679.838556794229
687.3564113511776
706.7374812360922
682.8034815664216
690.400367601675
706.7374812360922
682.8034815664216
689.1346627186542
706.7374812360922
671.9550031643353
692.4171896488068
699.9248471442397
671.9550031643353
692.4171896488068
699.9248471442397
716.0694193601678
689.621691009039
699.9248471442397
716.0694193601678
671.1692200138027
971.2720277577541
713.413365748518
671.1692200138027
971.2720277577541
713.413365748518
634.3333044572248
971.2720277577541
713.413365748518
616.1927136803777
971.2720277577541
629.9527320723867
583.584972306627
971.2720277577541
586.1104576795842
565.7777015377907
971.2720277577541
586.1104576795842
553.8859854380402
971.2720277577541
537.3461096225377
542.1484092071736
971.2720277577541
508.44605853683447
518.1818990828266
971.2720277577541
508.44605853683447
519.4678619953849
971.2720277577541
478.7228442035939
519.4678619953849
971.2720277577541
471.50614172910065
506.17488446689885
971.2720277577541
483.97291476267526
506.17488446689885
971.2720277577541
483.97291476267526
513.4433616053469
971.2720277577541
479.03161506810187
510.00423668489304
971.2720277577541
479.4543350933585
511.69263914815707
971.2720277577541
479.4543350933585
508.7018776962204
971.2720277577541
482.40588350850635
512.2935000785516
971.2720277577541
482.40588350850635
512.5512900188195
971.2720277577541
481.01188990954876
511.0343445371907
971.2720277577541
481.0440317242345
512.6095569307872
971.2720277577541
481.0440317242345
512.6095569307872
971.2720277577541
483.6734461343699
507.245015229608
971.2720277577541
488.92799997851347
507.5890837850453
971.2720277577541
488.92799997851347
507.77519506478495
971.2720277577541
479.00460057971554
512.1685494309835
971.2720277577541
486.7244912194055
507.14204910161106
971.2720277577541
482.6576367210049
505.9620067267719
971.2720277577541
480.24408260353135
505.9620067267719
971.2720277577541
480.24408260353135
509.3130591495645
971.2720277577541
478.2466851500028
510.92079458589905
971.2720277577541
495.18094558493425
514.1671055096214
1021.5171521063206
495.18094558493425
531.0556343121895
1027.0264626066523
426.001537339795
531.0556343121895
1027.0264626066523
402.00522615080877
570.132251453502
1019.7787124337483
378.9318847421038
570.132251453502
1019.7787124337483
350.84674033875996
620.8188721957265
1003.9657136492609
342.42419454936936
620.8188721957265
998.512651473531
348.4462217982318
658.7280210871422
978.1867267173055
360.2327014937796
658.7280210871422
981.1238399099054
360.2327014937796
671.7119127611161
981.1238399099054
388.72121666548196
667.8945698592103
973.6791204619446
376.85458892538895
667.8945698592103
973.6791204619446
391.05275388619555
667.8945698592103
983.5448383746527
388.5063142441453
664.8209538828115
977.5316007725354
388.5063142441453
665.2355321358654
982.3731374103858
390.4024425764437
665.2355321358654
976.8683868147901
386.04997130887756
665.2355321358654
976.8683868147901
386.04997130887756
664.9854664855355
974.0560708672306
411.5605132634271
664.9854664855355
974.5444741630715
412.9017117362529
660.0279742081524
981.7394496845675
373.3007213733494
660.0279742081524
982.3804761524663
373.3007213733494
661.7912143112973
974.6096229496313
383.69076096527965
661.7912143112973
965.7694433198808
383.69076096527965
660.7359453944484
965.7694433198808
370.0373130844613
658.2000446235293
979.5127407307383
394.6611457135621
658.2000446235293
975.5725639925582
394.6611457135621
656.76784234225
980.4539320473841
388.1503818780407
667.2779187260276
981.8731686246849
400.16734975640594
659.6779544206411
981.8731686246849
400.16734975640594
668.6089467408161
962.8132563010637
353.88583583061
668.6089467408161
945.3378683591826
359.5329713793905
693.6816915988331
945.3378683591826
359.5329713793905
693.6816915988331
889.8347480531514
377.8218935889097
738.1574716539866
882.6284463861773
411.7596641688851
759.4466782391621
846.1684648841965
455.13649113620613
811.6049167357286
811.1748957635454
466.0220145703567
811.6049167357286
789.8568890777734
466.0220145703567
802.1302237084766
789.8568890777734
466.0220145703567
810.6903360923533
718.6515320239927
591.0170865173116
822.1898781422094
717.2090679387837
591.0170865173116
822.1898781422094
716.881412690708
591.0170865173116
816.1231988240127
693.0595224176345
616.9559777961332
840.2721970529518
693.1889117776791
621.0770639309825
851.0945147002329
690.9902734727954
621.0770639309825
851.0945147002329
694.2259997319826
615.2742255931495
827.602095887261
694.2259997319826
613.8352194402723
827.602095887261
697.5488258681248
613.8352194402723
840.4420565951873
700.307687446352
617.9814008462425
825.145175929733
689.4400990348144
617.9814008462425
857.0163360304335
702.0633878112286
617.9814008462425
857.0163360304335
692.8183014447244
614.7820640075296
839.895224185878
692.8183014447244
614.4262400982352
848.2395200085446
690.2506485292539
614.4262400982352
832.9016076166159
689.3749429114602
621.1428946263721
851.2442697512923
701.2436209940356
621.1428946263721
851.2442697512923
698.7755712958941
621.1428946263721
855.5533464147376
695.464617853375
614.5584548823996
849.9546511311414
696.5102240855239
616.1058531391024
853.2725883207215
696.5102240855239
616.1058531391024
827.4207882790616
651.6925454491899
661.866136147004
946.370394149237
649.0673898847825
685.669997962236
831.3386235756866
625.8949751922294
685.669997962236
831.3386235756866
593.7543890947987
685.669997962236
840.649020821977
600.9264086208625
685.669997962236
847.8483278401649
567.5679022925883
685.669997962236
853.4090505837049
580.0847107044763
685.669997962236
856.8073375881943
580.0847107044763
685.669997962236
856.8073375881943
547.7904654677687
979.1775169660768
856.8073375881943
536.2057736092945
961.0717509899513
880.8029543417588
537.2540762394876
961.0717509899513
880.8029543417588
536.2663108735703
961.0717509899513
890.6851679203012
533.684999246289
886.2225602640655
890.6851679203012
542.458031259319
886.2225602640655
890.6851679203012
537.2631854434527
886.2225602640655
885.9511159359078
529.5365042023071
955.5244532455984
881.1188055342294
543.7294338461267
955.5244532455984
881.1188055342294
537.6628405779509
955.5244532455984
881.1188055342294
542.4587614486444
955.5244532455984
882.9084461736899
528.2129041048478
955.5244532455984
882.9084461736899
527.1913018998566
955.5244532455984
882.9084461736899
539.1734890112418
955.5244532455984
3.0822730356316086E7
548.518601309917
955.5244532455984
3.0822730356316086E7
530.2031924310725
798.7677821729532
989.4421508540762
531.1683050762665
798.7677821729532
989.4421508540762
528.588153665867
798.7677821729532
989.4421508540762
528.588153665867
796.5500651287032
989.4421508540762
524.6107499166841
799.7186987575309
989.4421508540762
531.2623458477126
799.7186987575309
989.4421508540762
537.1943621640125
797.9095142205696
989.4421508540762
524.0544417908804
797.9095142205696
989.4421508540762
522.6086557950315
797.9095142205696
989.4421508540762
530.7354897715176
798.1422400462626
913.0758229725209
524.2472858443141
798.1422400462626
894.1734275217477
524.2472858443141
798.1422400462626
892.7126489840822
530.1212865828074
798.1422400462626
892.7126489840822
528.826958390058
798.1422400462626
912.1625879678435
533.4358082731974
842.1661998105342
912.1625879678435
526.7010107059009
842.1661998105342
867.7709403512117
528.8727199442854
842.1661998105342
867.7709403512117
523.7606520147904
845.766801405213
867.7709403512117
522.465741466511
845.766801405213
867.7709403512117
522.465741466511
845.766801405213
867.7709403512117
527.9622696015576
845.766801405213
970.6342388649381
520.1405276907087
845.766801405213
970.6342388649381
525.6867088090119
811.4579808920681
970.6342388649381
529.5420643627145
811.4579808920681
970.6342388649381
523.4665324457526
811.4579808920681
894.2763897397523
520.6189113423914
809.8332308939954
894.2763897397523
529.2065411400853
809.8332308939954
894.2763897397523
527.8105932706724
809.8332308939954
859.3330062217908
528.1148865692343
877.115150522819
900.7042760116287
528.1148865692343
1089.3453214080273
900.7042760116287
529.138980954656
1089.3453214080273
900.7042760116287
527.2514661732478
1089.3453214080273
900.7042760116287
522.3257450100987
1089.3453214080273
880.429377434266
523.8717471303627
1089.3453214080273
880.429377434266
526.5079938845064
1089.3453214080273
880.429377434266
526.5079938845064
833.8012536128053
880.429377434266
518.6805718689776
833.8012536128053
880.429377434266
547.7071434549401
833.8012536128053
880.429377434266
535.7572552909264
833.8012536128053
850.5386379118213
530.0544077322877
833.8012536128053
843.1704260490786
530.0544077322877
833.8012536128053
843.1704260490786
540.3194040799384
833.8012536128053
834.4995423061522
544.6022290644686
833.8012536128053
834.6997463109793
546.9681535304678
977.568188026952
834.6997463109793
576.2262974276418
977.568188026952
834.6997463109793
576.2262974276418
977.568188026952
883.3707259342095
601.4773086048888
977.568188026952
883.3707259342095
605.2559062913361
977.568188026952
800.2516640435725
605.2559062913361
977.568188026952
800.2516640435725
606.9131312140822
977.568188026952
792.8966922806837
613.1337205893202
977.568188026952
805.3207924743951
614.2214283307944
977.568188026952
805.3207924743951
603.7362457024308
977.568188026952
805.3207924743951
603.7362457024308
977.568188026952
805.3207924743951
602.8495955802426
977.568188026952
805.3207924743951
606.0100375810852
977.568188026952
805.3207924743951
606.0100375810852
977.568188026952
828.5511238784951
611.6217585162307
926.9185057753538
805.5792468344347
611.6217585162307
926.9185057753538
806.8457302681702
NaN
NaN
NaN
