219.59038940513705
205.75029464327204
205.50742328661318
213.27965802446212
214.5172431649423
214.5299596900936
207.65281397097772
204.72279373562245
195.47238190013672
207.65281397097772
208.39310488818174
203.2863535631135
203.76310871719724
208.39310488818174
216.32186452605097
203.76310871719724
211.87708328717537
218.07200565797007
201.54083074709825
211.87708328717537
218.07200565797007
201.54083074709825
211.87708328717537
218.07200565797007
201.54083074709825
203.89284095395945
218.07200565797007
201.54083074709825
217.0116826784247
218.07200565797007
201.54083074709825
217.0116826784247
218.07200565797007
201.54083074709825
219.3837587115566
218.07200565797007
202.0739478864223
219.3837587115566
215.81689645940034
191.787243948876
219.3837587115566
223.34478599834654
186.06649643562787
219.3837587115566
220.4858293147444
195.39698751925005
221.86918503115427
216.35986104119374
195.94889111383384
215.18689334775604
216.35986104119374
219.73563878408228
213.53932458374433
225.6220276195745
230.01581112684693
214.33565340846573
223.14262451344263
188.46447010910376
214.33565340846573
232.553310498859
257.10298043859535
286.54365114516105
230.63630343596188
257.10298043859535
286.54365114516105
282.7764615369522
257.10298043859535
325.0768636265567
318.791287440005
309.79834579228515
325.0768636265567
288.8507599618688
325.5747786807813
325.0768636265567
288.8507599618688
325.5747786807813
325.0768636265567
306.7520189625429
344.75103383119176
325.0768636265567
306.7520189625429
344.75103383119176
325.0768636265567
306.7520189625429
336.9800184426467
325.0768636265567
309.437634826081
336.9800184426467
325.0768636265567
309.437634826081
336.9800184426467
325.0768636265567
309.437634826081
310.0987465569581
338.5604959873319
308.1393509829017
315.30766503078183
338.5604959873319
308.74511343447074
315.30766503078183
350.1995590439417
308.74511343447074
312.86747949212804
350.1995590439417
322.3345897647342
311.3227317103764
312.84640650513506
322.3345897647342
311.96522147955346
312.84640650513506
318.5475495257932
307.91369660747654
311.8097221808874
321.4090211744168
311.13620628901737
309.00738317945616
351.71729869282507
314.8152765075943
309.00738317945616
326.1600277371096
309.51478897799103
309.00738317945616
325.1673225713922
312.16486589138077
306.6601275773687
325.1673225713922
312.16486589138077
306.6601275773687
325.1673225713922
312.16486589138077
305.96366090567795
325.1673225713922
312.16486589138077
305.96366090567795
320.96560868969885
312.16486589138077
314.93543477184255
348.24101237915187
312.16486589138077
314.93543477184255
325.45629029915006
317.39286296352384
314.93543477184255
325.45629029915006
324.9322376872834
314.93543477184255
325.45629029915006
344.71896806283746
314.93543477184255
315.12327704175544
344.71896806283746
352.2204537081814
315.12327704175544
344.71896806283746
352.2204537081814
367.9410798876594
446.56682873985596
352.2204537081814
367.9410798876594
448.5012409155428
418.0968757754953
403.687735763168
441.39725930010286
418.0968757754953
389.00254484212246
448.3230978198163
461.6165185727349
397.11253376867387
470.64865601774164
461.6165185727349
404.00004889838823
465.07869847030275
461.6165185727349
391.81519501768946
466.3717129701006
480.1811730460947
385.94339036336135
462.2985156689592
480.1811730460947
407.8107258413932
440.9574123612602
480.1811730460947
422.8811735994899
440.9574123612602
480.1811730460947
422.8811735994899
440.9574123612602
460.1049136751812
400.0707982733072
440.9574123612602
460.1049136751812
404.48188522333214
440.9574123612602
460.1049136751812
404.48188522333214
440.9574123612602
460.1049136751812
404.48188522333214
440.9574123612602
460.1049136751812
404.48188522333214
443.72545714263674
468.67900410905935
404.48188522333214
439.57988004974897
468.67900410905935
409.3225547445115
451.01263479302196
468.67900410905935
409.3225547445115
451.01263479302196
468.67900410905935
409.3225547445115
451.01263479302196
468.67900410905935
450.51492954798454
451.01263479302196
406.9374039778416
392.3962025714026
379.42467662728757
406.9374039778416
379.79124137582636
3648.366801814111
406.9374039778416
357.43002815605496
3648.366801814111
348.7519182249153
351.92272354811894
3648.366801814111
348.7519182249153
393.44278365851085
3648.366801814111
332.4112812322124
314.67902610867196
3648.366801814111
356.5166904944329
314.67902610867196
302.3897756428234
363.9852048532423
318.3504699846257
310.4852970350845
363.9852048532423
318.3504699846257
318.3606518532883
363.9852048532423
318.3504699846257
318.0920207863927
355.97019877656015
310.07046000417097
317.78098951640385
354.1399475972658
307.3600160202208
317.78098951640385
354.1399475972658
307.3600160202208
306.61679827173754
319.4331999893674
307.3600160202208
293.0853255245371
319.4331999893674
307.3600160202208
293.0853255245371
319.4331999893674
281.75056938011056
293.0853255245371
291.54739327053
281.75056938011056
233.97200622632252
291.54739327053
236.02047505757716
233.97200622632252
291.54739327053
216.9783106949423
243.20705804842768
237.59574283842437
207.61493095813694
209.05707601081505
237.59574283842437
207.61493095813694
209.05707601081505
237.59574283842437
226.5877563258539
235.24356962672508
267.421702672785
226.5877563258539
235.24356962672508
267.421702672785
271.187105125683
235.24356962672508
222.37238088036963
271.187105125683
240.1312414726561
222.37238088036963
273.7705352186146
232.02089934160537
222.37238088036963
273.7705352186146
237.8990557002478
222.37238088036963
273.7705352186146
234.086505950975
222.37238088036963
255.1507856788512
217.84439630427948
222.37238088036963
255.1507856788512
204.72110166516953
222.37238088036963
211.84023662128226
196.78922550356288
222.37238088036963
197.41570315386278
166.57998137195946
222.37238088036963
174.28468862551412
141.2205427656455
222.37238088036963
4457.3773565874535
114.45110472958825
222.37238088036963
123.80116794149444
80.88207393830722
222.37238088036963
106.16259912474267
80.88207393830722
222.37238088036963
92.75046923704568
80.88207393830722
222.37238088036963
92.75046923704568
80.88207393830722
222.37238088036963
88.81557775357132
80.88207393830722
222.37238088036963
88.81557775357132
67.80753753491277
222.37238088036963
88.81557775357132
70.19305239159277
222.37238088036963
88.81557775357132
73.36382764879836
222.37238088036963
94.73458975646885
73.36382764879836
222.37238088036963
94.73458975646885
73.36382764879836
222.37238088036963
94.73458975646885
73.36382764879836
222.37238088036963
97.79854020560258
68.25098190511521
222.37238088036963
94.44483735347873
66.53736636931363
222.37238088036963
99.34829057501275
70.79996434463736
222.37238088036963
102.85600072489565
