632.3680117097657
684.5733975814701
790.321797878704
657.8512262527429
684.5733975814701
769.2848186193844
664.2116749384908
684.5733975814701
751.661825990844
664.2116749384908
682.5590846046751
719.413538487159
664.2116749384908
713.9632223607161
719.413538487159
664.2116749384908
713.9632223607161
719.413538487159
706.4544363378583
679.505841195833
686.8257973988551
706.4544363378583
679.505841195833
686.8257973988551
706.4544363378583
679.505841195833
690.002244358675
696.6446415732637
679.505841195833
690.002244358675
696.6446415732637
679.505841195833
690.002244358675
696.6446415732637
679.505841195833
690.002244358675
705.6580239645602
679.505841195833
690.002244358675
706.9884178055562
671.2835800469255
691.5239442903846
703.1554397031225
671.2835800469255
693.2983565521627
703.1554397031225
671.2835800469255
692.1712553222137
703.1554397031225
671.2835800469255
692.6741413548242
703.1554397031225
671.2835800469255
692.3150409116664
703.1554397031225
671.2835800469255
692.3150409116664
703.1554397031225
675.5301794630456
692.3150409116664
703.1554397031225
683.6889357888152
691.0719331072486
699.0281876025397
683.6889357888152
691.5017840291366
699.0281876025397
679.3946793194134
691.5017840291366
701.4554512828869
679.3946793194134
691.5017840291366
701.4328594584877
679.3946793194134
691.5017840291366
706.4105555861145
696.7600527159939
691.5017840291366
699.4239172579526
696.7600527159939
691.5017840291366
705.2326718432324
696.7600527159939
689.0600562522197
698.3121765806908
696.7600527159939
692.3883218682366
698.3121765806908
696.7600527159939
693.9085583011907
699.7096154071842
696.7600527159939
696.9455321087081
699.7096154071842
696.7600527159939
697.4278358906705
699.7096154071842
696.7600527159939
696.7673072247001
699.7096154071842
717.234968249635
702.32461217722
699.7096154071842
717.234968249635
702.32461217722
699.7096154071842
684.1314408132839
702.32461217722
699.7096154071842
750.7950179901135
702.32461217722
699.7096154071842
750.7950179901135
682.7941372692281
699.7096154071842
750.7950179901135
682.7941372692281
699.7096154071842
750.7950179901135
682.7941372692281
747.3723899283725
750.7950179901135
682.7941372692281
747.3723899283725
750.7950179901135
682.7941372692281
747.3723899283725
750.7950179901135
598.5143941927814
747.3723899283725
750.7950179901135
600.4461549062273
747.3723899283725
750.7950179901135
576.9826526653899
747.3723899283725
750.7950179901135
576.9826526653899
897.1866240747725
750.7950179901135
576.9826526653899
897.1866240747725
576.8184447892361
576.9826526653899
897.1866240747725
584.9276718207817
541.386063864887
897.1866240747725
584.9276718207817
525.8709805023796
897.1866240747725
584.9276718207817
508.00998251863535
897.1866240747725
584.9276718207817
508.00998251863535
897.1866240747725
584.9276718207817
4047.384377337649
897.1866240747725
584.9276718207817
487.284036234022
897.1866240747725
500.3818587005332
487.284036234022
897.1866240747725
500.3818587005332
487.284036234022
897.1866240747725
500.3818587005332
487.284036234022
897.1866240747725
502.51816668869577
500.68659518052857
897.1866240747725
502.51816668869577
507.31800014317423
1016.3737381919285
502.51816668869577
507.31800014317423
1016.3737381919285
502.51816668869577
507.31800014317423
1016.3737381919285
502.51816668869577
507.31800014317423
1016.3737381919285
502.51816668869577
509.4589365269548
1016.3737381919285
502.51816668869577
509.4589365269548
1016.3737381919285
502.14469968220124
509.4589365269548
1016.3737381919285
502.14469968220124
505.4550939460666
1016.3737381919285
502.14469968220124
505.4550939460666
1016.3737381919285
495.0893244432175
510.9964849559719
1016.3737381919285
495.0893244432175
511.2759035576629
1016.3737381919285
495.0893244432175
506.47518991059883
1016.3737381919285
495.0893244432175
506.47518991059883
1016.3737381919285
519.4263782779361
506.47518991059883
1016.3737381919285
519.4263782779361
510.8600763197259
1016.3737381919285
519.4263782779361
510.8600763197259
1044.6494836296795
415.35350010708896
510.8600763197259
1044.6494836296795
415.35350010708896
510.8600763197259
1044.6494836296795
404.97632857487423
510.8600763197259
1044.6494836296795
388.3396888214615
554.3950751210795
1044.6494836296795
388.3396888214615
554.3950751210795
1044.6494836296795
388.3396888214615
608.3236684392311
1016.969921960497
388.3396888214615
608.3236684392311
1002.1308765483001
388.3396888214615
713.3832882554993
1002.1308765483001
388.3396888214615
713.3832882554993
980.1469451086948
348.06176103725886
652.2727297973476
972.7451882891729
376.8216392664809
652.2727297973476
973.1888407584875
376.8216392664809
652.2727297973476
985.0541468841941
376.8216392664809
666.9269121457444
985.0541468841941
376.8216392664809
666.9269121457444
985.0541468841941
376.8216392664809
731.331510007337
985.0541468841941
376.8216392664809
731.331510007337
985.0541468841941
376.8216392664809
731.331510007337
985.0541468841941
376.8216392664809
763.8896183637304
985.0541468841941
368.23179610436955
662.5403535838618
985.0541468841941
364.48549500568686
647.2574451545526
980.551577099164
364.48549500568686
647.2574451545526
979.8428872221557
364.48549500568686
647.2574451545526
981.0679638277389
348.5408951140075
647.2574451545526
981.0679638277389
358.5235606247047
647.2574451545526
981.0679638277389
358.5235606247047
647.2574451545526
981.0679638277389
358.5235606247047
647.2574451545526
978.891147789508
358.5235606247047
654.2001796446889
978.891147789508
358.5235606247047
653.5288670079816
978.891147789508
354.9097701326764
649.9991496174889
978.891147789508
356.2858199308564
656.7234275118001
978.891147789508
356.2858199308564
651.9555544513757
978.891147789508
356.2858199308564
659.6421371842534
978.891147789508
356.2858199308564
659.6421371842534
978.891147789508
356.2858199308564
659.6421371842534
978.891147789508
356.2858199308564
659.6421371842534
978.891147789508
355.5756537157055
653.5349687911482
975.5626292931042
355.5756537157055
661.4725677180342
975.5626292931042
355.5756537157055
661.4725677180342
977.3250282412616
339.33163152838455
661.4725677180342
967.9924875744329
339.33163152838455
661.4725677180342
967.9924875744329
339.33163152838455
661.4725677180342
933.6756813564826
348.3067006994452
703.7834317340789
921.987601991108
364.9649285335176
703.7834317340789
889.2464895868768
364.9649285335176
762.4708956856339
868.3081450692985
364.9649285335176
762.4708956856339
868.3081450692985
364.9649285335176
762.4708956856339
868.3081450692985
364.9649285335176
762.4708956856339
868.3081450692985
364.9649285335176
762.4708956856339
868.3081450692985
528.0299316202171
762.4708956856339
868.3081450692985
528.0299316202171
762.4708956856339
868.3081450692985
528.0299316202171
832.9506612125332
868.3081450692985
528.0299316202171
817.9689568534945
693.0903678216138
528.0299316202171
835.2069847226148
690.3812133050022
528.0299316202171
835.2069847226148
706.8664637566429
528.0299316202171
835.2069847226148
687.1761743147614
528.0299316202171
835.2069847226148
700.8046307979121
528.0299316202171
835.2069847226148
700.8046307979121
528.0299316202171
835.2069847226148
700.8046307979121
528.0299316202171
835.2069847226148
720.3346916038989
528.0299316202171
835.2069847226148
698.4924612721188
528.0299316202171
817.6510665913404
698.4924612721188
719.5869774261593
817.6510665913404
700.8876409828686
719.5869774261593
870.6150990817534
700.8876409828686
719.5869774261593
870.6150990817534
700.8876409828686
627.1893544889584
870.6150990817534
700.8876409828686
627.1893544889584
870.6150990817534
701.6250924843371
627.1893544889584
870.6150990817534
701.6250924843371
627.1893544889584
870.6150990817534
702.5862691087062
598.3241477817843
870.6150990817534
706.9964565267139
598.3241477817843
808.5604968097826
707.8090110959589
598.3241477817843
808.5604968097826
708.3149657900764
604.7350640361847
808.5604968097826
697.8195433454539
604.7350640361847
808.5604968097826
704.3758264690432
604.7350640361847
808.5604968097826
704.3758264690432
598.8044321108741
808.5604968097826
700.558692125542
598.8044321108741
808.5604968097826
705.1927951865629
598.8044321108741
808.5604968097826
705.1927951865629
598.8044321108741
820.248817672912
705.1927951865629
598.8044321108741
819.4919108002651
709.5324711152209
598.8044321108741
819.4919108002651
709.5324711152209
598.8044321108741
819.4919108002651
699.9136033646093
598.8044321108741
808.0924736237595
699.9136033646093
598.8044321108741
808.0924736237595
699.9136033646093
598.8044321108741
808.0924736237595
703.139453876191
597.5801081667878
808.0924736237595
703.139453876191
597.5801081667878
808.0924736237595
695.227658260174
597.5801081667878
808.0924736237595
709.485348612353
597.5801081667878
816.0654828006311
700.402467770559
600.4077183801805
810.319770884242
702.8711450898186
601.7237587030952
810.319770884242
686.6197243519426
601.7237587030952
810.319770884242
703.5200500690273
601.7237587030952
810.319770884242
701.7106753253792
598.4767289774857
810.319770884242
701.7106753253792
598.4767289774857
810.319770884242
701.7106753253792
598.4767289774857
810.319770884242
701.7106753253792
598.4767289774857
810.319770884242
693.4699801718924
598.4767289774857
810.319770884242
693.4699801718924
598.4767289774857
824.005600196842
693.4699801718924
598.4767289774857
863.7293258476728
659.2481752863722
598.4767289774857
863.7293258476728
659.2481752863722
598.4767289774857
850.6399333310688
638.0374028262613
671.216862548352
850.6399333310688
638.0374028262613
671.216862548352
850.6399333310688
638.0374028262613
671.216862548352
850.6399333310688
606.9995624442598
696.277789321876
850.6399333310688
606.9995624442598
696.277789321876
850.6399333310688
601.4704681874056
696.277789321876
855.347453301579
601.4704681874056
696.277789321876
831.4689962300744
601.4704681874056
696.277789321876
831.4689962300744
571.0515455234253
696.277789321876
831.4689962300744
571.0515455234253
912.8167459644951
831.4689962300744
571.0515455234253
851.4193255471596
841.1982736461281
568.1943942444389
851.4193255471596
841.1982736461281
568.1943942444389
851.4193255471596
841.1982736461281
568.1943942444389
851.4193255471596
841.1982736461281
563.4339781782685
851.4193255471596
841.1982736461281
563.6825764247882
851.4193255471596
841.1982736461281
563.6825764247882
851.4193255471596
841.1982736461281
563.6825764247882
851.4193255471596
841.1982736461281
563.6825764247882
851.4193255471596
841.1982736461281
563.6825764247882
851.4193255471596
841.1982736461281
531.9534197584045
851.4193255471596
841.1982736461281
531.9534197584045
851.4193255471596
841.1982736461281
531.9534197584045
851.4193255471596
1153.4380082333762
531.9534197584045
851.4193255471596
1153.4380082333762
501.64679929966053
1056.7951999651013
1153.4380082333762
496.8201257547468
1056.7951999651013
1153.4380082333762
502.80423963833533
1056.7951999651013
1153.4380082333762
502.80423963833533
1056.7951999651013
1153.4380082333762
481.65004533641917
1056.7951999651013
1153.4380082333762
481.65004533641917
1056.7951999651013
1153.4380082333762
479.04462585161633
1056.7951999651013
1153.4380082333762
475.513903578195
1056.7951999651013
1153.4380082333762
475.513903578195
1056.7951999651013
1153.4380082333762
475.513903578195
1056.7951999651013
1153.4380082333762
475.513903578195
1056.7951999651013
1153.4380082333762
475.513903578195
1056.7951999651013
1153.4380082333762
475.513903578195
1056.7951999651013
1153.4380082333762
515.8246100309187
1056.7951999651013
1153.4380082333762
522.4653057325261
1056.7951999651013
1153.4380082333762
522.4653057325261
1056.7951999651013
1153.4380082333762
525.653188893592
1056.7951999651013
1153.4380082333762
525.653188893592
1056.7951999651013
1153.4380082333762
525.653188893592
1056.7951999651013
1153.4380082333762
521.7063249602375
1056.7951999651013
1153.4380082333762
521.7063249602375
1056.7951999651013
1153.4380082333762
521.7063249602375
1056.7951999651013
1153.4380082333762
515.0197222957257
1056.7951999651013
1153.4380082333762
515.0197222957257
1056.7951999651013
1153.4380082333762
515.0197222957257
1131.4539389496183
945.9801781383992
522.0377105953899
1131.4539389496183
945.9801781383992
532.175701357187
1131.4539389496183
945.9801781383992
532.175701357187
1131.4539389496183
945.9801781383992
532.175701357187
1131.4539389496183
924.6304116891384
532.175701357187
1131.4539389496183
917.6820494120267
532.175701357187
1086.175821786511
910.419827481681
532.175701357187
1086.175821786511
907.3337242587079
532.175701357187
1086.175821786511
907.3337242587079
532.175701357187
1086.175821786511
907.3337242587079
537.2528084344417
1078.6062732679952
907.3337242587079
534.822534626075
1078.6062732679952
907.3337242587079
534.822534626075
1078.6062732679952
907.3337242587079
534.822534626075
1078.6062732679952
907.3337242587079
534.822534626075
1078.6062732679952
912.8803125369657
534.822534626075
1078.6062732679952
904.1093441942011
534.822534626075
1078.6062732679952
898.1480258878843
534.822534626075
1078.6062732679952
883.7225795256518
534.822534626075
1078.6062732679952
867.0729092525215
536.0911373261913
1078.6062732679952
867.0729092525215
